      0/99     5.54G   0.08144   0.02257    0.0209    0.1249        41       640  0.006944    0.0621   0.00189 0.0004164   0.09769   0.03286   0.02298
      1/99     6.87G   0.06556   0.02175   0.01673     0.104        28       640    0.6667    0.1127    0.1507   0.05757   0.08455     0.032   0.02237
      2/99     6.87G   0.05478   0.01768     0.015   0.08746        22       640    0.4949    0.4647    0.4623    0.1725   0.08742   0.02319   0.02054
      3/99     6.87G   0.05217   0.01478   0.01323   0.08018        31       640    0.2385    0.6081    0.3146   0.09683   0.09238   0.02458   0.01962
      4/99     6.87G   0.06459   0.01457   0.01421   0.09337        31       640   0.01284    0.4973   0.02406  0.003239     0.118   0.09362     0.025
      5/99     6.87G   0.04645   0.01553   0.01003   0.07201        29       640  0.008558     0.439  0.003989  0.001261    0.1042    0.1441   0.02241
      6/99     6.87G   0.04022   0.01427  0.007799   0.06228        18       640    0.3888    0.5975    0.4302    0.1476    0.1059   0.02146   0.02045
      7/99     6.87G   0.04241   0.01478  0.007953   0.06514        26       640      0.23    0.1658    0.1146   0.03666    0.1247   0.08001   0.05266
      8/99     6.87G   0.04234   0.01763  0.009433    0.0694        15       640  0.004616    0.1145  0.001505 0.0002529    0.1196   0.02619    0.0633
      9/99     6.87G    0.0358     0.018  0.007892   0.06169        17       640    0.1447    0.2481    0.1229   0.04964    0.1041   0.02412   0.01742
     10/99     6.87G   0.04212   0.01759  0.007932   0.06764        14       640   0.03354   0.06013   0.01369  0.005503    0.1196   0.02807    0.5808
     11/99     6.87G   0.04757    0.0164   0.00684   0.07082        23       640    0.5141       0.6    0.4469    0.1332   0.09941   0.02244   0.04493
     12/99     6.87G    0.0475   0.01617  0.007053   0.07073        37       640  0.007021  0.006006 0.0007954 0.0001545    0.1184   0.02318    0.0276
     13/99     6.87G   0.04019   0.01668  0.007011   0.06389        33       640    0.4946    0.1067   0.08945   0.02711    0.1145   0.02328   0.02573
     14/99     6.87G   0.04076   0.01515    0.0057   0.06161        22       640    0.4543     0.551    0.3535    0.1677   0.09583   0.02614   0.01878
     15/99     6.87G   0.04297   0.01429  0.006413   0.06367        33       640    0.1839    0.2216    0.1771   0.05576    0.1053   0.02452   0.05913
     16/99     6.87G   0.03933   0.01333  0.005131    0.0578        18       640    0.3737    0.4498    0.4051    0.1963   0.09686   0.02356   0.04102
     17/99     6.87G   0.04186   0.01326  0.005574    0.0607        12       640    0.5824    0.7888    0.6087    0.3518   0.08864    0.0214    0.0361
     18/99     6.87G    0.0407   0.01296  0.004806   0.05846        16       640    0.5968    0.6967    0.5731    0.3684   0.08972   0.02131   0.04614
     19/99     6.87G   0.04192   0.01824  0.006566   0.06673        47       640    0.1488    0.5098    0.2008   0.09185   0.09929   0.02647   0.02822
     20/99     6.87G    0.0372   0.01598  0.008194   0.06138        44       640    0.3074     0.358    0.2364    0.1178    0.0945    0.0262   0.02458
     21/99     6.87G   0.03254   0.01586  0.007873   0.05628        27       640    0.3128    0.5483    0.3304    0.2022   0.08606    0.0242   0.01776
     22/99     6.87G   0.03609   0.01416  0.006599   0.05686        17       640    0.5447    0.6752    0.5481    0.3802   0.08302   0.02477   0.01539
     23/99     6.87G    0.0329   0.01415  0.005898   0.05295        22       640     0.567    0.5043    0.4355    0.2617   0.08841   0.02513   0.02342
     24/99     6.87G   0.03801   0.01429  0.006066   0.05836        32       640    0.6683    0.6911    0.5821    0.4046   0.08063   0.02317   0.01361
     25/99     6.87G   0.03346   0.01331  0.005074   0.05184        27       640     0.598    0.6907    0.5801    0.4175   0.07932   0.02381   0.01396
     26/99     6.87G   0.03262   0.01324  0.004661   0.05052        28       640    0.6247    0.7261     0.608    0.4544   0.07877   0.02381   0.01492
     27/99     6.87G    0.0331    0.0135  0.004569   0.05117        21       640    0.6896    0.6853    0.6417    0.4742   0.07922   0.02423   0.01536
     28/99     6.87G   0.03112   0.01331  0.004529   0.04896        37       640    0.6222     0.732    0.5985    0.4517   0.07694   0.02526   0.01579
     29/99     6.87G   0.03291   0.01346  0.004375   0.05074        65       640    0.6349    0.7276    0.6259    0.4652   0.07682   0.02581   0.01516
     30/99     6.87G   0.02753   0.01265  0.003739   0.04393        49       640     0.661     0.746    0.6654    0.5097   0.07671   0.02552    0.0157
     31/99     6.87G   0.03421   0.01247  0.004489   0.05117        27       640    0.6123    0.7802    0.6305     0.476   0.07472   0.02654   0.01683
     32/99     6.87G   0.02902   0.01261  0.004331   0.04597        34       640    0.6654    0.7355    0.6748    0.5292   0.07553   0.02536   0.01692
     33/99     6.87G    0.0278   0.01223  0.003971   0.04401        27       640    0.6585     0.748    0.6619    0.5134   0.07477    0.0245   0.01682
     34/99     6.87G   0.02952   0.01251  0.004204   0.04623        36       640    0.5759    0.8237    0.6267    0.4723   0.07371   0.02525   0.01803
     35/99     6.87G   0.03335   0.01209  0.003558     0.049        32       640    0.6918    0.7015    0.6913     0.545   0.07319   0.02511   0.01877
     36/99     6.87G   0.02914   0.01162  0.004058   0.04482        27       640     0.693     0.777    0.7273    0.5674   0.07342   0.02521   0.01959
     37/99     6.87G   0.03182   0.01179  0.004092    0.0477        18       640    0.7108    0.7216    0.7242    0.5722   0.07342   0.02509   0.01979
     38/99     6.87G    0.0312   0.01186  0.003296   0.04635        24       640    0.7137    0.7285    0.7333    0.5965   0.07237   0.02429   0.01978
     39/99     6.87G   0.02658   0.01178  0.003567   0.04193        40       640     0.731    0.7826    0.7762    0.6322   0.07273   0.02451   0.01976
     40/99     6.87G   0.02806   0.01137  0.003476   0.04291        17       640    0.7245    0.7466    0.7823    0.6327   0.07245   0.02395    0.0186
     41/99     6.87G   0.03112   0.01138  0.003791   0.04629        19       640    0.7346    0.7377    0.7849     0.648   0.07211   0.02379   0.01723
     42/99     6.87G   0.02718    0.0114  0.003402   0.04198        17       640    0.7735    0.7463    0.7847     0.628   0.07222   0.02404   0.01799
     43/99     6.87G   0.03162   0.01108  0.003786   0.04649        20       640    0.8507    0.7984    0.8305    0.6646   0.07168   0.02429   0.01673
     44/99     6.87G   0.02262   0.01099   0.00336   0.03697        13       640    0.9001    0.7571    0.8365    0.6865   0.07121   0.02446   0.01532
     45/99     6.87G   0.02276   0.01121  0.003025   0.03699        20       640    0.7342    0.7712    0.7715    0.6299   0.07172   0.02415   0.01512
     46/99     6.87G   0.03012   0.01079  0.003805   0.04472        23       640    0.8324    0.7355    0.8414    0.6974   0.07109    0.0244   0.01369
     47/99     6.87G   0.03496   0.01127  0.004727   0.05095        49       640    0.8322    0.7329    0.8101    0.6363   0.07148   0.02546   0.01291
     48/99     6.87G   0.02386   0.01138    0.0031   0.03834        18       640    0.7751    0.8067    0.8353    0.6652   0.07105   0.02529   0.01161
     49/99     6.87G   0.02516   0.01148  0.003075   0.03972        31       640    0.8085    0.7877    0.8248    0.6761    0.0708   0.02445    0.0122
     50/99     6.87G   0.02679   0.01042  0.003407   0.04061        31       640    0.6784    0.8488    0.7454    0.5938   0.07071   0.02495   0.01469
     51/99     6.87G   0.03102   0.01127  0.003684   0.04597        10       640    0.8171    0.7982    0.8349    0.6691   0.07096   0.02451   0.01403
     52/99     6.87G   0.03453   0.01098  0.004098   0.04961        18       640    0.8447    0.7813    0.8439     0.688   0.07125   0.02415   0.01422
     53/99     6.87G   0.02447    0.0107  0.003423   0.03859        20       640    0.9378    0.7051    0.8597    0.7069   0.07033   0.02418   0.01259
     54/99     6.87G   0.02793   0.01154  0.003072   0.04254        30       640    0.7953    0.7898    0.8243    0.6693   0.07082   0.02417   0.01147
     55/99     6.87G   0.02534   0.01081  0.003873   0.04002        39       640    0.5441    0.8238    0.6433    0.4941   0.07067   0.02365   0.01994
     56/99     6.87G    0.0304   0.01265  0.003761   0.04681        18       640    0.6211    0.7658    0.6786    0.4985   0.07243   0.02317   0.01772
     57/99     6.87G   0.02476   0.01171  0.002956   0.03943        41       640    0.6648    0.7621    0.7457    0.5617    0.0722   0.02383    0.0179
     58/99     6.87G   0.02659   0.01177  0.002999   0.04135        19       640    0.7292     0.726     0.743     0.577   0.07211   0.02404   0.01882
     59/99     6.87G   0.02862   0.01113  0.003667   0.04341        42       640     0.764    0.6974    0.7657    0.6019   0.07181   0.02469    0.0195
     60/99     6.87G   0.02773   0.01119   0.00284   0.04176        43       640    0.7124    0.7766    0.7949    0.6354   0.07177   0.02374   0.01985
     61/99     6.87G    0.0198   0.01099   0.00271    0.0335        20       640    0.7162    0.7887    0.7887     0.638   0.07131   0.02341    0.0205
     62/99     6.87G   0.02787   0.01104  0.002758   0.04167        46       640    0.7922     0.768    0.8048    0.6558   0.07123   0.02312    0.0203
     63/99     6.87G   0.02366   0.01075  0.002798   0.03721        25       640    0.7953    0.7375    0.8053    0.6586   0.07066   0.02344   0.02069
     64/99     6.87G   0.02868   0.01082  0.003299    0.0428        32       640    0.7304    0.8246    0.7997    0.6595   0.07083   0.02344   0.02068
     65/99     6.87G    0.0243   0.01106  0.002516   0.03788        48       640    0.7343    0.8169    0.8055    0.6564   0.07054   0.02289   0.02049
     66/99     6.87G   0.02435   0.01034  0.002471   0.03716        27       640    0.8376    0.7598    0.8269    0.6815   0.07047   0.02323   0.02062
     67/99     6.87G   0.02831   0.01077  0.002923     0.042        45       640     0.512    0.6468    0.5371    0.4296    0.0776   0.02978   0.02187
     68/99     6.87G   0.02659   0.01381  0.003309   0.04371        30       640    0.7091    0.7079    0.7302    0.5839   0.07531   0.02562   0.02163
     69/99     6.87G   0.03083   0.01208  0.004055   0.04697        19       640    0.8567    0.7194    0.7989    0.6439   0.07353   0.02478   0.02144
     70/99     6.87G   0.02765   0.01194  0.003047   0.04263        52       640    0.8268    0.7661    0.8009    0.6606   0.07232   0.02444   0.01878
     71/99     6.87G   0.03198   0.01185  0.003994   0.04783        27       640    0.8812    0.7506    0.8177    0.6834   0.07218   0.02399   0.02018
     72/99     6.87G   0.03192   0.01188  0.003468   0.04727        30       640    0.8843    0.7743    0.8413    0.7073   0.07167   0.02317   0.01827
     73/99     6.87G   0.02819     0.011  0.003275   0.04246        26       640     0.877    0.8092    0.8537    0.7062    0.0713   0.02313   0.01766
     74/99     6.87G   0.02378    0.0111   0.00292    0.0378        22       640    0.8765    0.8183    0.8592    0.7093   0.07119   0.02281   0.01717
     75/99     6.87G   0.02304   0.01149  0.002423   0.03695        26       640    0.8449    0.8196    0.8544    0.6947   0.07113   0.02323   0.01705
     76/99     6.87G   0.02141    0.0111  0.002419   0.03494        32       640    0.9007    0.7907    0.8632     0.714   0.07106   0.02322   0.01652
     77/99     6.87G   0.02791   0.01086  0.002625    0.0414        20       640    0.8468     0.849    0.8702    0.7277   0.07092    0.0233   0.01651
     78/99     6.87G   0.02435   0.01085  0.002591   0.03779        41       640     0.828    0.8087    0.8512     0.703   0.07057   0.02289   0.01772
     79/99     6.87G   0.02428    0.0109  0.002439   0.03762         9       640    0.9205    0.7771    0.8782    0.7322   0.07061   0.02248   0.01617
     80/99     6.87G   0.02722   0.01073  0.002905   0.04085        25       640    0.8919    0.8329    0.8895    0.7416   0.07091   0.02258   0.01575
     81/99     6.87G   0.02215   0.01079  0.002793   0.03574        33       640    0.8686    0.8111     0.873    0.7346   0.07043   0.02261   0.01735
     82/99     6.87G   0.02718   0.01081  0.002515   0.04051        27       640    0.8758    0.8032    0.8786     0.727   0.07036   0.02287   0.01733
     83/99     6.87G   0.02538   0.01108  0.002965   0.03943        39       640    0.8547    0.7999    0.8648    0.7355   0.07016   0.02288   0.01638
     84/99     6.87G   0.03235   0.01082  0.003947   0.04712        27       640    0.8646    0.8278    0.8836     0.743   0.07024    0.0226   0.01539
     85/99     6.87G   0.02706   0.01084  0.002112   0.04001        35       640     0.879    0.7847    0.8724    0.7198   0.07021   0.02282   0.01542
     86/99     6.87G     0.023   0.01004  0.002174   0.03521        19       640    0.8747    0.8348    0.8782    0.7335   0.07016   0.02306   0.01494
     87/99     6.87G   0.02181   0.01031  0.002116   0.03423        30       640    0.8116    0.8438    0.8579    0.7263   0.07015    0.0227   0.01493
     88/99     6.87G    0.0248   0.01108  0.003001   0.03888        20       640     0.869    0.8002    0.8795    0.7292   0.07029   0.02309   0.01537
     89/99     6.87G   0.02807   0.01073  0.004319   0.04312        19       640    0.8849    0.8059    0.8737    0.7291   0.07059    0.0232   0.01473
     90/99     6.87G   0.02456   0.01135  0.002213   0.03812        41       640    0.9114    0.7505    0.8625    0.7198   0.07041    0.0231   0.01491
     91/99     6.87G   0.02802   0.01068   0.00236   0.04106        22       640    0.8753    0.8115    0.8697    0.7378   0.07043   0.02298   0.01503
     92/99     6.87G   0.02316   0.01028  0.002496   0.03593        24       640    0.8837    0.8246    0.8862    0.7471   0.07011   0.02305   0.01495
     93/99     6.87G   0.02532   0.01066  0.002815   0.03879        21       640    0.8903    0.8163    0.8828    0.7353   0.07002    0.0232   0.01553
     94/99     6.87G   0.02702   0.01029   0.00237   0.03968        49       640    0.8934    0.7986    0.8732    0.7409   0.07004   0.02323   0.01491
     95/99     6.87G    0.0257   0.01047  0.002541   0.03871        26       640    0.8747    0.7971    0.8748     0.749   0.06993   0.02296    0.0148
     96/99     6.87G   0.02737  0.009755  0.002716   0.03984        32       640    0.8726    0.8307    0.8796    0.7525   0.06986   0.02298   0.01438
     97/99     6.87G   0.03045   0.01087  0.003245   0.04456        27       640    0.8807     0.837    0.8917    0.7523   0.06967   0.02291   0.01431
     98/99     6.87G   0.02125   0.01015  0.002008   0.03341        37       640    0.8935      0.82    0.8892    0.7464   0.06964   0.02313   0.01431
     99/99     6.87G   0.02311   0.01029  0.002343   0.03574        23       640    0.8746    0.8243    0.8813    0.7557   0.06962   0.02308    0.0142
